#shannon= 2.766932e+00
0 2.766932e+00
1 2.626527e+00
2 2.523629e+00
3 2.435250e+00
4 2.356612e+00
5 2.285390e+00
6 2.220294e+00
7 2.160475e+00
8 2.105323e+00
9 2.054395e+00
10 2.007321e+00
11 1.963788e+00
12 1.923651e+00
13 1.886742e+00
14 1.852874e+00
15 1.821637e+00
16 1.792148e+00
17 1.763563e+00
18 1.734117e+00
19 1.704597e+00
20 1.673778e+00
21 1.641796e+00
22 1.609732e+00
23 1.576914e+00
24 1.544203e+00
25 1.511931e+00
26 1.480392e+00
27 1.450106e+00
28 1.420873e+00
29 1.392596e+00
30 1.365369e+00
31 1.339407e+00
32 1.314555e+00
33 1.290696e+00
34 1.267738e+00
35 1.245323e+00
36 1.223451e+00
37 1.201737e+00
38 1.180320e+00
39 1.159022e+00
40 1.138106e+00
41 1.117289e+00
42 1.096557e+00
43 1.076142e+00
44 1.056018e+00
45 1.036562e+00
46 1.017738e+00
47 9.992639e-01
48 9.812201e-01
49 9.635007e-01
50 9.461686e-01
51 9.289261e-01
52 9.122835e-01
53 8.960075e-01
54 8.799654e-01
55 8.641022e-01
56 8.483642e-01
57 8.327408e-01
58 8.173463e-01
59 8.020689e-01
60 7.869423e-01
61 7.721881e-01
62 7.577318e-01
63 7.435214e-01
64 7.297126e-01
65 7.162649e-01
66 7.031994e-01
67 6.903428e-01
68 6.777864e-01
69 6.653668e-01
70 6.531255e-01
71 6.410554e-01
72 6.289091e-01
73 6.168866e-01
74 6.050686e-01
75 5.931195e-01
76 5.812875e-01
77 5.696580e-01
78 5.581024e-01
79 5.466323e-01
80 5.353826e-01
81 5.243516e-01
82 5.135751e-01
83 5.028251e-01
84 4.923114e-01
85 4.819913e-01
86 4.719341e-01
87 4.618807e-01
88 4.519801e-01
89 4.421583e-01
90 4.323484e-01
91 4.227390e-01
92 4.132066e-01
93 4.038489e-01
94 3.945282e-01
95 3.850866e-01
96 3.758853e-01
97 3.667392e-01
98 3.576214e-01
99 3.486367e-01
100 3.397985e-01
101 3.311102e-01
102 3.226125e-01
103 3.142409e-01
104 3.058230e-01
105 2.974135e-01
106 2.890799e-01
107 2.807909e-01
108 2.728089e-01
109 2.649100e-01
110 2.569280e-01
111 2.489779e-01
112 2.411106e-01
113 2.334657e-01
114 2.257488e-01
115 2.181587e-01
116 2.106088e-01
117 2.031301e-01
118 1.957535e-01
119 1.885169e-01
120 1.814072e-01
121 1.743981e-01
122 1.673856e-01
123 1.604682e-01
124 1.535831e-01
125 1.467521e-01
126 1.399544e-01
127 1.331934e-01
128 1.266062e-01
129 1.201910e-01
130 1.138630e-01
131 1.078113e-01
132 1.019461e-01
133 9.624703e-02
134 9.068143e-02
135 8.535666e-02
136 8.032901e-02
137 7.550168e-02
138 7.087381e-02
139 6.645885e-02
140 6.234951e-02
141 5.853772e-02
142 5.500545e-02
143 5.180211e-02
144 4.885221e-02
145 4.620336e-02
146 4.388177e-02
147 4.184386e-02
148 4.010882e-02
149 3.869282e-02
150 3.757983e-02
151 3.670685e-02
152 3.608079e-02
153 3.564720e-02
154 3.540416e-02
155 3.537734e-02
156 3.549163e-02
157 3.571548e-02
158 3.601627e-02
159 3.638330e-02
160 3.686645e-02
161 3.742646e-02
162 3.807439e-02
163 3.875299e-02
164 3.945391e-02
165 4.022558e-02
166 4.103825e-02
167 4.180987e-02
168 4.263890e-02
169 4.349516e-02
170 4.432984e-02
171 4.515306e-02
172 4.599572e-02
173 4.684785e-02
174 4.769054e-02
175 4.853305e-02
176 4.935820e-02
177 5.019219e-02
178 5.096173e-02
179 5.170938e-02
180 5.249223e-02
181 5.323808e-02
182 5.391609e-02
183 5.452597e-02
184 5.507994e-02
185 5.560090e-02
186 5.603106e-02
187 5.642138e-02
188 5.678293e-02
189 5.707810e-02
190 5.729659e-02
191 5.751562e-02
192 5.770423e-02
193 5.787124e-02
194 5.802349e-02
195 5.818211e-02
196 5.833676e-02
197 5.847616e-02
198 5.851952e-02
199 5.852668e-02
200 5.849205e-02
201 5.847283e-02
202 5.848279e-02
203 5.847975e-02
204 5.848568e-02
205 5.846391e-02
206 5.845295e-02
207 5.846601e-02
208 5.854788e-02
209 5.860253e-02
210 5.860847e-02
211 5.859191e-02
212 5.856182e-02
213 5.853213e-02
214 5.849334e-02
215 5.846525e-02
216 5.841738e-02
217 5.835846e-02
218 5.831421e-02
219 5.821524e-02
220 5.802632e-02
221 5.783979e-02
222 5.764556e-02
223 5.745224e-02
224 5.724993e-02
225 5.702154e-02
226 5.671201e-02
227 5.628240e-02
228 5.577695e-02
229 5.524925e-02
230 5.471196e-02
231 5.419409e-02
232 5.366795e-02
233 5.307861e-02
234 5.245067e-02
235 5.176687e-02
236 5.101991e-02
237 5.025121e-02
238 4.946175e-02
239 4.865210e-02
240 4.790395e-02
241 4.717394e-02
242 4.642981e-02
243 4.574688e-02
244 4.513546e-02
245 4.458108e-02
246 4.410196e-02
247 4.366456e-02
248 4.326148e-02
249 4.291513e-02
250 4.254457e-02
251 4.221841e-02
252 4.187881e-02
253 4.159007e-02
254 4.132778e-02
255 4.107611e-02
256 4.081257e-02
257 4.058936e-02
258 4.034983e-02
259 4.009889e-02
260 3.982713e-02
261 3.956691e-02
262 3.931699e-02
263 3.908657e-02
264 3.883654e-02
265 3.856474e-02
266 3.827862e-02
267 3.791247e-02
268 3.752664e-02
269 3.709103e-02
270 3.663020e-02
271 3.616939e-02
272 3.570909e-02
273 3.523104e-02
274 3.475974e-02
275 3.423588e-02
276 3.373772e-02
277 3.329175e-02
278 3.285267e-02
279 3.241019e-02
280 3.197536e-02
281 3.153120e-02
282 3.111785e-02
283 3.077171e-02
284 3.044788e-02
285 3.015291e-02
286 2.989367e-02
287 2.965043e-02
288 2.943536e-02
289 2.927356e-02
290 2.912179e-02
291 2.898015e-02
292 2.879592e-02
293 2.855376e-02
294 2.830686e-02
295 2.807815e-02
296 2.784621e-02
297 2.764951e-02
298 2.744257e-02
299 2.733518e-02
300 2.728726e-02
301 2.727423e-02
302 2.733211e-02
303 2.740160e-02
304 2.756793e-02
305 2.779000e-02
306 2.808690e-02
307 2.842678e-02
308 2.883929e-02
309 2.928419e-02
310 2.975231e-02
311 3.029079e-02
312 3.085072e-02
313 3.146776e-02
314 3.212913e-02
315 3.281879e-02
316 3.356963e-02
317 3.432520e-02
318 3.505357e-02
319 3.577996e-02
320 3.651698e-02
321 3.729415e-02
322 3.810519e-02
323 3.892140e-02
324 3.966481e-02
325 4.045689e-02
326 4.125616e-02
327 4.203656e-02
328 4.280427e-02
329 4.356798e-02
330 4.437370e-02
331 4.515761e-02
332 4.596077e-02
333 4.675222e-02
334 4.754756e-02
335 4.830607e-02
336 4.909619e-02
337 4.988727e-02
338 5.067996e-02
339 5.148686e-02
340 5.232222e-02
341 5.318175e-02
342 5.403693e-02
343 5.493009e-02
344 5.580171e-02
345 5.670170e-02
346 5.763435e-02
347 5.862832e-02
348 5.962132e-02
349 6.069485e-02
350 6.175819e-02
351 6.280586e-02
352 6.390342e-02
353 6.502656e-02
354 6.617242e-02
355 6.730866e-02
356 6.846370e-02
357 6.964344e-02
358 7.082163e-02
359 7.199858e-02
360 7.319603e-02
361 7.445830e-02
362 7.569821e-02
363 7.701101e-02
364 7.836258e-02
365 7.969121e-02
366 8.099417e-02
367 8.230029e-02
368 8.360861e-02
369 8.488677e-02
370 8.616733e-02
371 8.746072e-02
372 8.882024e-02
373 9.020491e-02
374 9.158704e-02
375 9.290204e-02
376 9.424374e-02
377 9.555382e-02
378 9.683833e-02
379 9.805649e-02
380 9.925565e-02
381 1.004667e-01
382 1.016060e-01
383 1.027343e-01
384 1.038048e-01
385 1.048660e-01
386 1.059259e-01
387 1.068990e-01
388 1.078274e-01
389 1.087287e-01
390 1.096811e-01
391 1.106159e-01
392 1.115290e-01
393 1.124603e-01
394 1.134139e-01
395 1.143467e-01
396 1.152906e-01
397 1.162225e-01
398 1.171667e-01
399 1.180813e-01
400 1.189794e-01
401 1.198495e-01
402 1.207199e-01
403 1.215813e-01
404 1.224214e-01
405 1.232120e-01
406 1.240126e-01
407 1.247356e-01
408 1.254550e-01
409 1.261567e-01
410 1.268592e-01
411 1.274970e-01
412 1.281285e-01
413 1.287601e-01
414 1.293872e-01
415 1.300060e-01
416 1.305715e-01
417 1.310749e-01
418 1.315494e-01
419 1.319503e-01
420 1.323731e-01
421 1.327508e-01
422 1.331085e-01
423 1.333750e-01
424 1.336317e-01
425 1.338482e-01
426 1.340569e-01
427 1.342332e-01
428 1.344030e-01
429 1.345524e-01
430 1.346600e-01
431 1.347265e-01
432 1.347707e-01
433 1.347796e-01
434 1.346411e-01
435 1.345210e-01
436 1.343869e-01
437 1.342295e-01
438 1.340158e-01
439 1.336903e-01
440 1.333405e-01
441 1.329777e-01
442 1.325651e-01
443 1.321572e-01
444 1.317313e-01
445 1.313341e-01
446 1.309307e-01
447 1.305129e-01
448 1.301000e-01
449 1.296701e-01
450 1.292735e-01
451 1.288680e-01
452 1.284053e-01
453 1.279348e-01
454 1.274679e-01
455 1.269894e-01
456 1.264938e-01
457 1.259733e-01
458 1.254541e-01
459 1.249492e-01
460 1.244019e-01
461 1.238310e-01
462 1.232437e-01
463 1.226461e-01
464 1.220089e-01
465 1.214019e-01
466 1.208045e-01
467 1.201822e-01
468 1.196217e-01
469 1.190210e-01
470 1.184340e-01
471 1.178200e-01
472 1.171626e-01
473 1.164774e-01
474 1.158002e-01
475 1.151098e-01
476 1.144162e-01
477 1.137247e-01
478 1.130353e-01
479 1.123386e-01
480 1.115902e-01
481 1.108489e-01
482 1.100834e-01
483 1.093524e-01
484 1.086618e-01
485 1.078845e-01
486 1.070937e-01
487 1.062847e-01
488 1.054655e-01
489 1.046669e-01
490 1.038599e-01
491 1.030371e-01
492 1.021886e-01
493 1.013488e-01
494 1.005003e-01
495 9.963592e-02
496 9.876024e-02
497 9.788102e-02
498 9.702255e-02
499 9.619399e-02
500 9.534900e-02
501 9.451348e-02
502 9.371172e-02
503 9.289092e-02
504 9.208855e-02
505 9.127324e-02
506 9.047650e-02
507 8.966221e-02
508 8.881888e-02
509 8.796132e-02
510 8.713047e-02
511 8.630951e-02
512 8.547315e-02
513 8.457956e-02
514 8.367685e-02
515 8.280530e-02
516 8.194878e-02
517 8.105803e-02
518 8.014212e-02
519 7.920262e-02
520 7.828967e-02
521 7.740540e-02
522 7.651588e-02
523 7.565415e-02
524 7.481687e-02
525 7.394975e-02
526 7.309989e-02
527 7.231396e-02
528 7.153464e-02
529 7.073509e-02
530 7.000169e-02
531 6.933188e-02
532 6.872089e-02
533 6.810991e-02
534 6.747432e-02
535 6.684869e-02
536 6.621705e-02
537 6.551605e-02
538 6.483200e-02
539 6.414649e-02
540 6.348093e-02
541 6.285806e-02
542 6.225486e-02
543 6.172359e-02
544 6.124837e-02
545 6.078843e-02
546 6.031846e-02
547 5.983053e-02
548 5.932256e-02
549 5.881624e-02
550 5.832481e-02
551 5.784551e-02
552 5.735728e-02
553 5.690209e-02
554 5.646655e-02
555 5.601709e-02
556 5.555904e-02
557 5.512342e-02
558 5.467740e-02
559 5.421677e-02
560 5.377591e-02
561 5.334766e-02
562 5.293125e-02
563 5.251612e-02
564 5.212031e-02
565 5.176963e-02
566 5.147075e-02
567 5.117112e-02
568 5.089743e-02
569 5.064172e-02
570 5.042153e-02
571 5.017784e-02
572 5.000152e-02
573 4.977466e-02
574 4.956749e-02
575 4.931164e-02
576 4.904968e-02
577 4.881777e-02
578 4.862294e-02
579 4.840291e-02
580 4.811762e-02
581 4.783172e-02
582 4.752213e-02
583 4.717023e-02
584 4.684293e-02
585 4.650901e-02
586 4.621872e-02
587 4.589420e-02
588 4.558189e-02
589 4.529081e-02
590 4.497499e-02
591 4.465835e-02
592 4.437443e-02
593 4.408629e-02
594 4.384673e-02
595 4.364691e-02
596 4.348052e-02
597 4.335077e-02
598 4.324753e-02
599 4.317879e-02
600 4.315361e-02
601 4.315320e-02
602 4.315890e-02
603 4.315816e-02
604 4.314806e-02
605 4.308439e-02
606 4.304549e-02
607 4.301646e-02
608 4.291580e-02
609 4.280613e-02
610 4.274240e-02
611 4.268759e-02
612 4.263946e-02
613 4.262202e-02
614 4.263379e-02
615 4.265701e-02
616 4.263353e-02
617 4.265504e-02
618 4.268567e-02
619 4.276154e-02
620 4.287948e-02
621 4.295901e-02
622 4.306355e-02
623 4.319296e-02
624 4.329404e-02
625 4.337187e-02
626 4.342820e-02
627 4.349056e-02
628 4.354538e-02
629 4.360367e-02
630 4.365372e-02
631 4.372822e-02
632 4.375647e-02
633 4.374400e-02
634 4.376476e-02
635 4.376108e-02
636 4.369913e-02
637 4.363150e-02
638 4.354318e-02
639 4.350225e-02
640 4.347283e-02
641 4.343210e-02
642 4.336167e-02
643 4.335807e-02
644 4.336431e-02
645 4.336551e-02
646 4.333901e-02
647 4.328779e-02
648 4.323445e-02
649 4.315892e-02
650 4.306238e-02
651 4.296034e-02
652 4.282919e-02
653 4.267892e-02
654 4.243611e-02
655 4.218425e-02
656 4.193334e-02
657 4.172116e-02
658 4.153033e-02
659 4.126649e-02
660 4.101809e-02
661 4.080915e-02
662 4.062570e-02
663 4.047875e-02
664 4.036468e-02
665 4.028772e-02
666 4.020364e-02
667 4.014725e-02
668 4.013081e-02
669 4.009927e-02
670 4.010384e-02
671 4.012113e-02
672 4.014136e-02
673 4.018282e-02
674 4.020379e-02
675 4.022388e-02
676 4.024585e-02
677 4.028703e-02
678 4.030170e-02
679 4.033553e-02
680 4.030798e-02
681 4.029688e-02
682 4.030530e-02
683 4.027526e-02
684 4.022066e-02
685 4.014506e-02
686 4.003259e-02
687 3.989468e-02
688 3.975841e-02
689 3.959636e-02
690 3.943950e-02
691 3.926434e-02
692 3.909366e-02
693 3.895138e-02
694 3.883040e-02
695 3.879972e-02
696 3.881151e-02
697 3.879569e-02
698 3.876344e-02
699 3.874605e-02
700 3.876187e-02
701 3.883613e-02
702 3.895887e-02
703 3.907504e-02
704 3.923931e-02
705 3.947137e-02
706 3.972383e-02
707 3.999838e-02
708 4.026851e-02
709 4.055817e-02
710 4.084325e-02
711 4.107134e-02
712 4.123544e-02
713 4.142505e-02
714 4.168209e-02
715 4.191965e-02
716 4.218215e-02
717 4.242853e-02
718 4.267678e-02
719 4.287890e-02
720 4.309279e-02
721 4.329253e-02
722 4.353978e-02
723 4.380167e-02
724 4.405780e-02
725 4.432742e-02
726 4.468949e-02
727 4.507248e-02
728 4.547472e-02
729 4.596554e-02
730 4.649948e-02
731 4.708165e-02
732 4.770636e-02
733 4.836017e-02
734 4.898619e-02
735 4.961115e-02
736 5.029547e-02
737 5.101716e-02
738 5.177686e-02
739 5.259155e-02
740 5.341448e-02
741 5.421475e-02
742 5.501401e-02
743 5.588993e-02
744 5.675385e-02
745 5.760637e-02
746 5.842687e-02
747 5.925806e-02
748 6.007315e-02
749 6.087819e-02
750 6.174112e-02
751 6.262473e-02
752 6.353894e-02
753 6.449134e-02
754 6.547993e-02
755 6.647030e-02
756 6.748213e-02
757 6.847149e-02
758 6.937135e-02
759 7.026833e-02
760 7.112400e-02
761 7.192713e-02
762 7.269954e-02
763 7.349607e-02
764 7.425136e-02
765 7.493973e-02
766 7.562818e-02
767 7.629248e-02
768 7.692550e-02
769 7.757113e-02
770 7.820380e-02
771 7.880668e-02
772 7.934807e-02
773 7.984435e-02
774 8.030162e-02
775 8.076439e-02
776 8.124512e-02
777 8.167158e-02
778 8.206804e-02
779 8.245723e-02
780 8.271184e-02
781 8.290963e-02
782 8.312329e-02
783 8.324240e-02
784 8.335772e-02
785 8.345459e-02
786 8.357490e-02
787 8.368463e-02
788 8.382381e-02
789 8.389457e-02
790 8.385370e-02
791 8.378932e-02
792 8.366552e-02
793 8.352903e-02
794 8.342086e-02
795 8.333687e-02
796 8.322835e-02
797 8.311618e-02
798 8.298943e-02
799 8.286277e-02
800 8.271239e-02
801 8.258647e-02
802 8.246449e-02
803 8.233808e-02
804 8.225653e-02
805 8.217924e-02
806 8.213591e-02
807 8.206878e-02
808 8.200171e-02
809 8.198313e-02
810 8.197297e-02
811 8.198241e-02
812 8.202594e-02
813 8.206730e-02
814 8.206153e-02
815 8.206888e-02
816 8.202862e-02
817 8.198148e-02
818 8.188555e-02
819 8.177711e-02
820 8.162354e-02
821 8.138729e-02
822 8.115107e-02
823 8.096649e-02
824 8.080557e-02
825 8.070664e-02
826 8.061047e-02
827 8.046547e-02
828 8.033004e-02
829 8.019340e-02
830 8.005628e-02
831 7.997209e-02
832 7.990977e-02
833 7.990520e-02
834 7.991273e-02
835 7.992114e-02
836 7.992762e-02
837 7.987995e-02
838 7.982254e-02
839 7.978230e-02
840 7.969379e-02
841 7.957212e-02
842 7.946272e-02
843 7.934401e-02
844 7.921010e-02
845 7.908928e-02
846 7.894792e-02
847 7.879539e-02
848 7.865388e-02
849 7.846845e-02
850 7.821390e-02
851 7.798460e-02
852 7.777002e-02
853 7.751265e-02
854 7.724310e-02
855 7.696275e-02
856 7.669880e-02
857 7.640591e-02
858 7.615126e-02
859 7.584792e-02
860 7.554102e-02
861 7.518815e-02
862 7.484476e-02
863 7.444839e-02
864 7.404755e-02
865 7.364745e-02
866 7.325099e-02
867 7.286769e-02
868 7.249089e-02
869 7.205650e-02
870 7.159564e-02
871 7.111473e-02
872 7.068020e-02
873 7.021315e-02
874 6.972724e-02
875 6.926840e-02
876 6.875956e-02
877 6.829235e-02
878 6.785936e-02
879 6.740806e-02
880 6.699567e-02
881 6.655313e-02
882 6.614444e-02
883 6.576731e-02
884 6.539435e-02
885 6.499486e-02
886 6.463605e-02
887 6.430548e-02
888 6.398425e-02
889 6.363884e-02
890 6.331283e-02
891 6.294893e-02
892 6.254718e-02
893 6.214107e-02
894 6.170039e-02
895 6.126208e-02
896 6.085613e-02
897 6.045071e-02
898 6.001141e-02
899 5.961319e-02
900 5.926024e-02
901 5.889833e-02
902 5.856121e-02
903 5.820872e-02
904 5.792943e-02
905 5.768324e-02
906 5.745445e-02
907 5.725854e-02
908 5.708520e-02
909 5.694592e-02
910 5.675139e-02
911 5.654013e-02
912 5.630525e-02
913 5.607674e-02
914 5.586342e-02
915 5.566345e-02
916 5.538227e-02
917 5.511501e-02
918 5.484809e-02
919 5.458981e-02
920 5.426615e-02
921 5.394196e-02
922 5.359219e-02
923 5.319203e-02
924 5.276976e-02
925 5.236589e-02
926 5.196128e-02
927 5.152770e-02
928 5.105627e-02
929 5.057986e-02
930 5.011467e-02
931 4.964711e-02
932 4.922232e-02
933 4.880730e-02
934 4.839967e-02
935 4.799553e-02
936 4.763506e-02
937 4.729426e-02
938 4.697725e-02
939 4.665345e-02
940 4.636711e-02
941 4.611305e-02
942 4.590299e-02
943 4.571607e-02
944 4.556329e-02
945 4.545323e-02
946 4.535790e-02
947 4.528979e-02
948 4.521086e-02
949 4.513404e-02
950 4.505911e-02
951 4.493518e-02
952 4.482487e-02
953 4.474970e-02
954 4.465508e-02
955 4.459185e-02
956 4.450497e-02
957 4.443708e-02
958 4.436147e-02
959 4.426287e-02
960 4.413395e-02
961 4.400220e-02
962 4.384816e-02
963 4.364493e-02
964 4.344581e-02
965 4.323496e-02
966 4.303057e-02
967 4.288896e-02
968 4.274833e-02
969 4.266927e-02
970 4.263060e-02
971 4.262660e-02
972 4.264836e-02
973 4.267369e-02
974 4.271953e-02
975 4.278737e-02
976 4.280949e-02
977 4.282877e-02
978 4.281652e-02
979 4.281214e-02
980 4.281775e-02
981 4.274230e-02
982 4.265084e-02
983 4.253792e-02
984 4.243511e-02
985 4.236366e-02
986 4.226020e-02
987 4.212892e-02
988 4.199614e-02
989 4.184558e-02
990 4.165444e-02
991 4.145536e-02
992 4.124338e-02
993 4.101965e-02
994 4.078274e-02
995 4.055905e-02
996 4.034286e-02
997 4.012708e-02
998 3.992634e-02
999 3.972212e-02
1000 3.954400e-02
1001 3.937708e-02
1002 3.919656e-02
1003 3.902393e-02
1004 3.882424e-02
1005 3.865615e-02
1006 3.851059e-02
1007 3.836097e-02
1008 3.822106e-02
1009 3.810516e-02
1010 3.801376e-02
1011 3.798579e-02
1012 3.796235e-02
1013 3.795197e-02
1014 3.789618e-02
1015 3.782800e-02
1016 3.776465e-02
1017 3.772512e-02
1018 3.770729e-02
1019 3.765537e-02
1020 3.753134e-02
1021 3.741901e-02
1022 3.730219e-02
1023 3.722754e-02
1024 3.716032e-02
1025 3.705445e-02
1026 3.699643e-02
1027 3.696186e-02
1028 3.693986e-02
1029 3.692325e-02
1030 3.693889e-02
1031 3.699261e-02
1032 3.712660e-02
1033 3.729431e-02
1034 3.741304e-02
1035 3.760477e-02
1036 3.777934e-02
1037 3.790973e-02
1038 3.800258e-02
1039 3.811499e-02
1040 3.819761e-02
1041 3.819836e-02
1042 3.814035e-02
1043 3.803587e-02
1044 3.788510e-02
1045 3.770357e-02
1046 3.748811e-02
1047 3.722966e-02
1048 3.694266e-02
1049 3.668538e-02
1050 3.639292e-02
1051 3.618589e-02
1052 3.601294e-02
1053 3.583483e-02
1054 3.569001e-02
1055 3.557880e-02
1056 3.552907e-02
1057 3.550165e-02
1058 3.547290e-02
1059 3.539386e-02
1060 3.530909e-02
1061 3.519127e-02
1062 3.505528e-02
1063 3.489909e-02
1064 3.473105e-02
1065 3.454200e-02
1066 3.433120e-02
1067 3.405865e-02
1068 3.375431e-02
1069 3.347324e-02
1070 3.323307e-02
1071 3.300744e-02
1072 3.279631e-02
1073 3.260764e-02
1074 3.239499e-02
1075 3.219763e-02
1076 3.201651e-02
1077 3.185896e-02
1078 3.172371e-02
1079 3.162593e-02
1080 3.159582e-02
1081 3.159466e-02
1082 3.161424e-02
1083 3.163876e-02
1084 3.167424e-02
1085 3.176887e-02
1086 3.188958e-02
1087 3.203093e-02
1088 3.218609e-02
1089 3.239682e-02
1090 3.260123e-02
1091 3.277956e-02
1092 3.290190e-02
1093 3.294070e-02
1094 3.299944e-02
1095 3.302163e-02
1096 3.300896e-02
1097 3.295969e-02
1098 3.286238e-02
1099 3.272632e-02
1100 3.258008e-02
1101 3.236073e-02
1102 3.214239e-02
1103 3.192010e-02
1104 3.167642e-02
1105 3.150385e-02
1106 3.134335e-02
1107 3.122417e-02
1108 3.114631e-02
1109 3.109152e-02
1110 3.108933e-02
1111 3.108290e-02
1112 3.110416e-02
1113 3.112609e-02
1114 3.114259e-02
1115 3.120066e-02
1116 3.125626e-02
1117 3.132235e-02
1118 3.141813e-02
1119 3.151187e-02
1120 3.166686e-02
1121 3.181601e-02
1122 3.197871e-02
1123 3.212199e-02
1124 3.231955e-02
1125 3.253935e-02
1126 3.278601e-02
1127 3.301301e-02
1128 3.325812e-02
1129 3.354760e-02
1130 3.384020e-02
1131 3.413933e-02
1132 3.443225e-02
1133 3.473828e-02
1134 3.506336e-02
1135 3.539416e-02
1136 3.569831e-02
1137 3.598638e-02
1138 3.618302e-02
1139 3.634154e-02
1140 3.646005e-02
1141 3.660859e-02
1142 3.679495e-02
1143 3.696421e-02
1144 3.713845e-02
1145 3.728238e-02
1146 3.747535e-02
1147 3.761417e-02
1148 3.768474e-02
1149 3.775159e-02
1150 3.781903e-02
1151 3.787223e-02
1152 3.790286e-02
1153 3.789274e-02
1154 3.783639e-02
1155 3.780306e-02
1156 3.781063e-02
1157 3.783759e-02
1158 3.786533e-02
1159 3.788453e-02
1160 3.790555e-02
1161 3.793645e-02
1162 3.793231e-02
1163 3.796671e-02
1164 3.803876e-02
1165 3.814601e-02
1166 3.822421e-02
1167 3.827762e-02
1168 3.836006e-02
1169 3.844050e-02
1170 3.852287e-02
1171 3.860499e-02
1172 3.868428e-02
1173 3.879216e-02
1174 3.890106e-02
1175 3.902350e-02
1176 3.916929e-02
1177 3.928242e-02
1178 3.935855e-02
1179 3.947340e-02
1180 3.952735e-02
1181 3.958658e-02
1182 3.960604e-02
1183 3.959622e-02
1184 3.958930e-02
1185 3.960123e-02
1186 3.965823e-02
1187 3.973869e-02
1188 3.983316e-02
1189 3.993528e-02
1190 4.003786e-02
1191 4.014546e-02
1192 4.021772e-02
1193 4.030335e-02
1194 4.044027e-02
1195 4.060300e-02
1196 4.078418e-02
1197 4.099103e-02
1198 4.122710e-02
1199 4.145054e-02
1200 4.169593e-02
1201 4.194704e-02
1202 4.219063e-02
1203 4.244561e-02
1204 4.269586e-02
1205 4.289443e-02
1206 4.305335e-02
1207 4.321835e-02
1208 4.337704e-02
1209 4.349972e-02
1210 4.363264e-02
1211 4.382855e-02
1212 4.403145e-02
1213 4.422300e-02
1214 4.443319e-02
1215 4.462461e-02
1216 4.478230e-02
1217 4.488243e-02
1218 4.500291e-02
1219 4.515909e-02
1220 4.534116e-02
1221 4.552178e-02
1222 4.565452e-02
1223 4.576205e-02
1224 4.580066e-02
1225 4.589065e-02
1226 4.593718e-02
1227 4.592653e-02
1228 4.588100e-02
1229 4.578051e-02
1230 4.568266e-02
1231 4.560465e-02
1232 4.550304e-02
1233 4.538188e-02
1234 4.523668e-02
1235 4.508285e-02
1236 4.494925e-02
1237 4.479033e-02
1238 4.461439e-02
1239 4.447473e-02
1240 4.430111e-02
1241 4.411280e-02
1242 4.390730e-02
1243 4.375932e-02
1244 4.361887e-02
1245 4.346519e-02
1246 4.331278e-02
1247 4.316332e-02
1248 4.303880e-02
1249 4.296079e-02
1250 4.285930e-02
1251 4.275377e-02
1252 4.266567e-02
1253 4.259001e-02
1254 4.253067e-02
1255 4.244195e-02
1256 4.241221e-02
1257 4.245441e-02
1258 4.253158e-02
1259 4.264012e-02
1260 4.277565e-02
1261 4.288730e-02
1262 4.295208e-02
1263 4.300884e-02
1264 4.305840e-02
1265 4.306561e-02
1266 4.305506e-02
1267 4.305729e-02
1268 4.307803e-02
1269 4.305596e-02
1270 4.300461e-02
1271 4.294434e-02
1272 4.287190e-02
1273 4.281418e-02
1274 4.274907e-02
1275 4.265995e-02
1276 4.260035e-02
1277 4.251367e-02
1278 4.243414e-02
1279 4.233380e-02
1280 4.224022e-02
1281 4.215113e-02
1282 4.200672e-02
1283 4.186304e-02
1284 4.166801e-02
1285 4.144412e-02
1286 4.120980e-02
1287 4.097258e-02
1288 4.075218e-02
1289 4.047326e-02
1290 4.022107e-02
1291 3.995973e-02
1292 3.971830e-02
1293 3.948683e-02
1294 3.923596e-02
1295 3.900613e-02
1296 3.883718e-02
1297 3.863174e-02
1298 3.846567e-02
1299 3.830369e-02
1300 3.815010e-02
1301 3.797028e-02
1302 3.777693e-02
1303 3.759914e-02
1304 3.740926e-02
1305 3.728206e-02
1306 3.717961e-02
1307 3.711738e-02
1308 3.709823e-02
1309 3.710350e-02
1310 3.708115e-02
1311 3.703112e-02
1312 3.701487e-02
1313 3.695814e-02
1314 3.689224e-02
1315 3.683457e-02
1316 3.671553e-02
1317 3.654912e-02
1318 3.642270e-02
1319 3.626839e-02
1320 3.615798e-02
1321 3.608225e-02
1322 3.600750e-02
1323 3.596065e-02
1324 3.593004e-02
1325 3.588142e-02
1326 3.585545e-02
1327 3.589225e-02
1328 3.601444e-02
1329 3.610348e-02
1330 3.612765e-02
1331 3.617848e-02
1332 3.620363e-02
1333 3.625768e-02
1334 3.634014e-02
1335 3.642312e-02
1336 3.652691e-02
1337 3.658069e-02
1338 3.658758e-02
1339 3.663042e-02
1340 3.665631e-02
1341 3.665757e-02
1342 3.662731e-02
1343 3.656377e-02
1344 3.650047e-02
1345 3.641480e-02
1346 3.633629e-02
1347 3.622437e-02
1348 3.615004e-02
1349 3.614414e-02
1350 3.611195e-02
1351 3.605263e-02
1352 3.601466e-02
1353 3.596325e-02
1354 3.589682e-02
1355 3.583300e-02
1356 3.580911e-02
1357 3.579205e-02
1358 3.578659e-02
1359 3.583423e-02
1360 3.584439e-02
1361 3.583419e-02
1362 3.582478e-02
1363 3.584557e-02
1364 3.586780e-02
1365 3.594053e-02
1366 3.601646e-02
1367 3.611227e-02
1368 3.619179e-02
1369 3.625947e-02
1370 3.636356e-02
1371 3.650060e-02
1372 3.667789e-02
1373 3.682623e-02
1374 3.707783e-02
1375 3.736335e-02
1376 3.762518e-02
1377 3.791866e-02
1378 3.819535e-02
1379 3.845740e-02
1380 3.868768e-02
1381 3.890326e-02
1382 3.910055e-02
1383 3.931873e-02
1384 3.948799e-02
1385 3.967199e-02
1386 3.980626e-02
1387 3.989126e-02
1388 3.991578e-02
1389 3.986212e-02
1390 3.981222e-02
1391 3.969041e-02
1392 3.953528e-02
1393 3.939836e-02
1394 3.932309e-02
1395 3.924589e-02
1396 3.917637e-02
1397 3.909225e-02
1398 3.902224e-02
1399 3.898402e-02
1400 3.899060e-02
1401 3.895660e-02
1402 3.891622e-02
1403 3.888255e-02
1404 3.882305e-02
1405 3.874064e-02
1406 3.863842e-02
1407 3.850683e-02
1408 3.838026e-02
1409 3.823242e-02
1410 3.811798e-02
1411 3.800021e-02
1412 3.788097e-02
1413 3.773515e-02
1414 3.757782e-02
1415 3.748094e-02
1416 3.738562e-02
1417 3.723576e-02
1418 3.706430e-02
1419 3.687275e-02
1420 3.669755e-02
1421 3.653783e-02
1422 3.638560e-02
1423 3.628659e-02
1424 3.625823e-02
1425 3.630377e-02
1426 3.633545e-02
1427 3.640601e-02
1428 3.651088e-02
1429 3.659415e-02
1430 3.666812e-02
1431 3.672166e-02
1432 3.678507e-02
1433 3.683031e-02
1434 3.688754e-02
1435 3.700103e-02
1436 3.710743e-02
1437 3.727713e-02
1438 3.741082e-02
1439 3.750261e-02
1440 3.751402e-02
1441 3.749475e-02
1442 3.748675e-02
1443 3.743769e-02
1444 3.740766e-02
1445 3.734332e-02
1446 3.726488e-02
1447 3.717041e-02
1448 3.705651e-02
1449 3.692366e-02
1450 3.684046e-02
1451 3.684197e-02
1452 3.684458e-02
1453 3.683331e-02
1454 3.679956e-02
1455 3.675680e-02
1456 3.669786e-02
1457 3.664037e-02
1458 3.654583e-02
1459 3.648422e-02
1460 3.641122e-02
1461 3.637590e-02
1462 3.639277e-02
1463 3.640047e-02
1464 3.640169e-02
1465 3.642782e-02
1466 3.645615e-02
1467 3.650139e-02
1468 3.650712e-02
1469 3.650312e-02
1470 3.653829e-02
1471 3.654212e-02
1472 3.650593e-02
1473 3.651110e-02
1474 3.656819e-02
1475 3.662837e-02
1476 3.668935e-02
1477 3.678580e-02
1478 3.686674e-02
1479 3.690069e-02
1480 3.691652e-02
1481 3.693421e-02
1482 3.699276e-02
1483 3.707822e-02
1484 3.720634e-02
1485 3.733278e-02
1486 3.739421e-02
1487 3.751221e-02
1488 3.762079e-02
1489 3.765474e-02
1490 3.771752e-02
1491 3.778435e-02
1492 3.783057e-02
1493 3.788159e-02
1494 3.793751e-02
1495 3.803089e-02
1496 3.811728e-02
1497 3.823795e-02
1498 3.835293e-02
1499 3.848282e-02
1500 3.861314e-02
1501 3.871240e-02
1502 3.880651e-02
1503 3.887216e-02
1504 3.892383e-02
1505 3.896976e-02
1506 3.898453e-02
1507 3.896246e-02
1508 3.895350e-02
1509 3.900084e-02
1510 3.905009e-02
1511 3.913823e-02
1512 3.922122e-02
1513 3.930583e-02
1514 3.940806e-02
1515 3.953554e-02
1516 3.969809e-02
1517 3.991746e-02
1518 4.014223e-02
1519 4.035506e-02
1520 4.057968e-02
1521 4.077488e-02
1522 4.096742e-02
1523 4.111486e-02
1524 4.117111e-02
1525 4.116536e-02
1526 4.120286e-02
1527 4.127656e-02
1528 4.132764e-02
1529 4.136392e-02
1530 4.136152e-02
1531 4.129089e-02
1532 4.119403e-02
1533 4.107410e-02
1534 4.090856e-02
1535 4.069249e-02
1536 4.048279e-02
1537 4.027606e-02
1538 4.008993e-02
1539 3.989352e-02
1540 3.975865e-02
1541 3.960481e-02
1542 3.949756e-02
1543 3.938141e-02
1544 3.925204e-02
1545 3.908743e-02
1546 3.888962e-02
1547 3.869352e-02
1548 3.847086e-02
1549 3.821891e-02
1550 3.797408e-02
1551 3.774699e-02
1552 3.752703e-02
1553 3.736695e-02
1554 3.724396e-02
1555 3.711996e-02
1556 3.701913e-02
1557 3.696672e-02
1558 3.690925e-02
1559 3.686226e-02
1560 3.685339e-02
1561 3.690864e-02
1562 3.699840e-02
1563 3.717618e-02
1564 3.739974e-02
1565 3.760088e-02
1566 3.787465e-02
1567 3.816222e-02
1568 3.842721e-02
1569 3.867777e-02
1570 3.889886e-02
1571 3.910837e-02
1572 3.930385e-02
1573 3.948463e-02
1574 3.964727e-02
1575 3.976454e-02
1576 3.989532e-02
1577 3.998471e-02
1578 4.003730e-02
1579 3.999409e-02
1580 3.990510e-02
1581 3.976223e-02
1582 3.956589e-02
1583 3.938314e-02
1584 3.917245e-02
1585 3.895381e-02
1586 3.868723e-02
1587 3.835854e-02
1588 3.802891e-02
1589 3.771881e-02
1590 3.748537e-02
1591 3.728544e-02
1592 3.710779e-02
1593 3.693960e-02
1594 3.678462e-02
1595 3.667134e-02
1596 3.657662e-02
1597 3.645273e-02
1598 3.632980e-02
1599 3.620837e-02
1600 3.604040e-02
1601 3.584513e-02
1602 3.569678e-02
1603 3.550012e-02
1604 3.534018e-02
1605 3.518962e-02
1606 3.510164e-02
1607 3.500268e-02
1608 3.488274e-02
1609 3.479733e-02
1610 3.475055e-02
1611 3.470597e-02
1612 3.463250e-02
1613 3.450401e-02
1614 3.437757e-02
1615 3.423711e-02
1616 3.410404e-02
1617 3.398541e-02
1618 3.386615e-02
1619 3.377800e-02
1620 3.369194e-02
1621 3.366693e-02
1622 3.361085e-02
1623 3.356718e-02
1624 3.355618e-02
1625 3.355896e-02
1626 3.350179e-02
1627 3.343623e-02
1628 3.334495e-02
1629 3.327516e-02
1630 3.317163e-02
1631 3.307424e-02
1632 3.303567e-02
1633 3.303552e-02
1634 3.301452e-02
1635 3.299710e-02
1636 3.296883e-02
1637 3.296148e-02
1638 3.295350e-02
1639 3.292502e-02
1640 3.292964e-02
1641 3.299980e-02
1642 3.304662e-02
1643 3.308384e-02
1644 3.309478e-02
1645 3.310319e-02
1646 3.308525e-02
1647 3.301405e-02
1648 3.293283e-02
1649 3.283050e-02
1650 3.273097e-02
1651 3.268767e-02
1652 3.266594e-02
1653 3.270434e-02
1654 3.276614e-02
1655 3.273799e-02
1656 3.265756e-02
1657 3.258265e-02
1658 3.251862e-02
1659 3.246734e-02
1660 3.242125e-02
1661 3.240018e-02
1662 3.240497e-02
1663 3.243135e-02
1664 3.241683e-02
1665 3.238363e-02
1666 3.232677e-02
1667 3.224035e-02
1668 3.211013e-02
1669 3.197393e-02
1670 3.182839e-02
1671 3.166321e-02
1672 3.155010e-02
1673 3.143587e-02
1674 3.138338e-02
1675 3.127930e-02
1676 3.116146e-02
1677 3.104258e-02
1678 3.088969e-02
1679 3.073473e-02
1680 3.056513e-02
1681 3.036829e-02
1682 3.018039e-02
1683 3.001036e-02
1684 2.981969e-02
1685 2.965326e-02
1686 2.945592e-02
1687 2.926964e-02
1688 2.904226e-02
1689 2.881869e-02
1690 2.859884e-02
1691 2.834797e-02
1692 2.809885e-02
1693 2.789815e-02
1694 2.770261e-02
1695 2.752410e-02
1696 2.737715e-02
1697 2.725121e-02
1698 2.712656e-02
1699 2.700118e-02
1700 2.682593e-02
1701 2.666038e-02
1702 2.651631e-02
1703 2.643698e-02
1704 2.636175e-02
1705 2.630657e-02
1706 2.626061e-02
1707 2.620845e-02
1708 2.615856e-02
1709 2.607795e-02
1710 2.594542e-02
1711 2.583271e-02
1712 2.572582e-02
1713 2.565384e-02
1714 2.554883e-02
1715 2.548910e-02
1716 2.546662e-02
1717 2.548261e-02
1718 2.552234e-02
1719 2.556282e-02
1720 2.567037e-02
1721 2.577531e-02
1722 2.585802e-02
1723 2.593680e-02
1724 2.603265e-02
1725 2.613919e-02
1726 2.621901e-02
1727 2.630111e-02
1728 2.631021e-02
1729 2.632031e-02
1730 2.632337e-02
1731 2.637373e-02
1732 2.638407e-02
1733 2.639107e-02
1734 2.634923e-02
1735 2.633098e-02
1736 2.629604e-02
1737 2.620724e-02
1738 2.612814e-02
1739 2.608953e-02
1740 2.601180e-02
1741 2.594929e-02
1742 2.583926e-02
1743 2.575881e-02
1744 2.572278e-02
1745 2.568172e-02
1746 2.565792e-02
1747 2.567838e-02
1748 2.572755e-02
1749 2.581754e-02
1750 2.592679e-02
1751 2.602107e-02
1752 2.610825e-02
1753 2.618662e-02
1754 2.625309e-02
1755 2.628019e-02
1756 2.632010e-02
1757 2.633058e-02
1758 2.627409e-02
1759 2.616296e-02
1760 2.607230e-02
1761 2.600288e-02
1762 2.596815e-02
1763 2.596265e-02
1764 2.597518e-02
1765 2.598717e-02
1766 2.600037e-02
1767 2.602366e-02
1768 2.609095e-02
1769 2.619338e-02
1770 2.634399e-02
1771 2.651895e-02
1772 2.668048e-02
1773 2.682979e-02
1774 2.696927e-02
1775 2.712331e-02
1776 2.728655e-02
1777 2.746537e-02
1778 2.759525e-02
1779 2.774882e-02
1780 2.792787e-02
1781 2.812571e-02
1782 2.824231e-02
1783 2.834988e-02
1784 2.841102e-02
1785 2.852973e-02
1786 2.859940e-02
1787 2.864294e-02
1788 2.865091e-02
1789 2.862082e-02
1790 2.855491e-02
1791 2.848354e-02
1792 2.843144e-02
1793 2.837145e-02
1794 2.833281e-02
1795 2.830709e-02
1796 2.826725e-02
1797 2.823212e-02
1798 2.823208e-02
1799 2.821425e-02
1800 2.817711e-02
1801 2.819089e-02
1802 2.821882e-02
1803 2.828562e-02
1804 2.835675e-02
1805 2.844262e-02
1806 2.856279e-02
1807 2.866201e-02
1808 2.880874e-02
1809 2.889587e-02
1810 2.904118e-02
1811 2.912389e-02
1812 2.916051e-02
1813 2.924730e-02
1814 2.932462e-02
1815 2.942890e-02
1816 2.950888e-02
1817 2.963861e-02
1818 2.970813e-02
1819 2.974325e-02
1820 2.976412e-02
1821 2.974168e-02
1822 2.969778e-02
1823 2.966060e-02
1824 2.959086e-02
1825 2.950847e-02
1826 2.943599e-02
1827 2.934351e-02
1828 2.926011e-02
1829 2.922687e-02
1830 2.923738e-02
1831 2.924731e-02
1832 2.928606e-02
1833 2.938934e-02
1834 2.950442e-02
1835 2.956409e-02
1836 2.961138e-02
1837 2.965755e-02
1838 2.972624e-02
1839 2.977577e-02
1840 2.980160e-02
1841 2.981149e-02
1842 2.981248e-02
1843 2.985950e-02
1844 2.993205e-02
1845 2.994521e-02
1846 2.991138e-02
1847 2.979637e-02
1848 2.964174e-02
1849 2.945506e-02
1850 2.927675e-02
1851 2.912168e-02
1852 2.895832e-02
1853 2.875395e-02
1854 2.856542e-02
1855 2.841004e-02
1856 2.828943e-02
1857 2.815223e-02
1858 2.800308e-02
1859 2.783226e-02
1860 2.765599e-02
1861 2.751816e-02
1862 2.737340e-02
1863 2.722592e-02
1864 2.703405e-02
1865 2.685393e-02
1866 2.669778e-02
1867 2.658593e-02
1868 2.648277e-02
1869 2.639062e-02
1870 2.634740e-02
1871 2.633552e-02
1872 2.636123e-02
1873 2.642674e-02
1874 2.649367e-02
1875 2.656269e-02
1876 2.666807e-02
1877 2.675908e-02
1878 2.687980e-02
1879 2.698160e-02
1880 2.707393e-02
1881 2.715480e-02
1882 2.725561e-02
1883 2.733682e-02
1884 2.743398e-02
1885 2.749594e-02
1886 2.756120e-02
1887 2.763616e-02
1888 2.772597e-02
1889 2.779607e-02
1890 2.788685e-02
1891 2.802128e-02
1892 2.816270e-02
1893 2.830025e-02
1894 2.839278e-02
1895 2.854320e-02
1896 2.862500e-02
1897 2.872308e-02
1898 2.887380e-02
1899 2.902118e-02
1900 2.913446e-02
1901 2.926823e-02
1902 2.941133e-02
1903 2.954475e-02
1904 2.966444e-02
1905 2.972622e-02
1906 2.972945e-02
1907 2.969617e-02
1908 2.971916e-02
1909 2.967011e-02
1910 2.957528e-02
1911 2.947408e-02
1912 2.938870e-02
1913 2.931687e-02
1914 2.926006e-02
1915 2.923467e-02
1916 2.922175e-02
1917 2.917293e-02
1918 2.911825e-02
1919 2.914127e-02
1920 2.919366e-02
1921 2.917106e-02
1922 2.915738e-02
1923 2.916483e-02
1924 2.917656e-02
1925 2.915298e-02
1926 2.913184e-02
1927 2.911559e-02
1928 2.909992e-02
1929 2.911347e-02
1930 2.911187e-02
1931 2.910638e-02
1932 2.909304e-02
1933 2.909406e-02
1934 2.912754e-02
1935 2.915186e-02
1936 2.916750e-02
1937 2.921832e-02
1938 2.926998e-02
1939 2.926844e-02
1940 2.923358e-02
1941 2.922871e-02
1942 2.922382e-02
1943 2.922413e-02
1944 2.925249e-02
1945 2.929508e-02
1946 2.925922e-02
1947 2.924501e-02
1948 2.920792e-02
1949 2.918406e-02
1950 2.921819e-02
1951 2.929467e-02
1952 2.937886e-02
1953 2.943505e-02
1954 2.946709e-02
1955 2.947975e-02
1956 2.953284e-02
1957 2.957170e-02
1958 2.963200e-02
1959 2.964877e-02
1960 2.967753e-02
1961 2.970230e-02
1962 2.971628e-02
1963 2.973969e-02
1964 2.973218e-02
1965 2.974767e-02
1966 2.978380e-02
1967 2.979323e-02
1968 2.984767e-02
1969 2.990565e-02
1970 2.999979e-02
1971 3.008989e-02
1972 3.011511e-02
1973 3.016431e-02
1974 3.019831e-02
1975 3.020486e-02
1976 3.019406e-02
1977 3.012842e-02
1978 3.005893e-02
1979 2.998174e-02
1980 2.992294e-02
1981 2.983600e-02
1982 2.968395e-02
1983 2.949855e-02
1984 2.935039e-02
1985 2.922656e-02
1986 2.911305e-02
1987 2.903018e-02
1988 2.893201e-02
1989 2.879765e-02
1990 2.867510e-02
1991 2.858985e-02
1992 2.850836e-02
1993 2.846785e-02
1994 2.843093e-02
1995 2.838947e-02
1996 2.833612e-02
1997 2.830140e-02
1998 2.821928e-02
1999 2.817569e-02
2000 2.814848e-02
2001 2.811925e-02
2002 2.808187e-02
2003 2.804997e-02
2004 2.803933e-02
2005 2.801521e-02
2006 2.804821e-02
2007 2.810177e-02
2008 2.814453e-02
2009 2.815933e-02
2010 2.819970e-02
2011 2.823185e-02
2012 2.824071e-02
2013 2.824689e-02
2014 2.828494e-02
2015 2.834728e-02
2016 2.840283e-02
2017 2.847408e-02
2018 2.856772e-02
2019 2.861641e-02
2020 2.871016e-02
2021 2.884192e-02
2022 2.894491e-02
2023 2.907359e-02
2024 2.917565e-02
2025 2.932659e-02
2026 2.949405e-02
2027 2.968672e-02
2028 2.990105e-02
2029 3.007762e-02
2030 3.023239e-02
2031 3.033622e-02
2032 3.038731e-02
2033 3.044410e-02
2034 3.045589e-02
2035 3.043966e-02
2036 3.039462e-02
2037 3.034689e-02
2038 3.032230e-02
2039 3.029448e-02
2040 3.029801e-02
2041 3.028044e-02
2042 3.029026e-02
2043 3.030758e-02
2044 3.030638e-02
2045 3.029333e-02
2046 3.022717e-02
2047 3.015991e-02
2048 3.006716e-02
2049 2.999661e-02
2050 2.989792e-02
2051 2.976999e-02
2052 2.967099e-02
2053 2.957923e-02
2054 2.949713e-02
2055 2.945057e-02
2056 2.937093e-02
2057 2.935692e-02
2058 2.938170e-02
2059 2.939575e-02
2060 2.935500e-02
2061 2.931348e-02
2062 2.922221e-02
2063 2.917684e-02
2064 2.911900e-02
2065 2.904630e-02
2066 2.894132e-02
2067 2.885982e-02
2068 2.877972e-02
2069 2.869398e-02
2070 2.863812e-02
2071 2.858877e-02
2072 2.851180e-02
2073 2.846575e-02
2074 2.842239e-02
2075 2.838227e-02
2076 2.835439e-02
2077 2.828571e-02
2078 2.821838e-02
2079 2.819927e-02
2080 2.822788e-02
2081 2.828425e-02
2082 2.834546e-02
2083 2.843667e-02
2084 2.854115e-02
2085 2.860007e-02
2086 2.862109e-02
2087 2.862812e-02
2088 2.858739e-02
2089 2.855620e-02
2090 2.852047e-02
2091 2.852561e-02
2092 2.850098e-02
2093 2.851020e-02
2094 2.852238e-02
2095 2.852547e-02
2096 2.848826e-02
2097 2.849956e-02
2098 2.851947e-02
2099 2.852095e-02
2100 2.844871e-02
2101 2.830210e-02
2102 2.809863e-02
2103 2.789586e-02
2104 2.767728e-02
2105 2.744703e-02
2106 2.720180e-02
2107 2.698803e-02
2108 2.679367e-02
2109 2.664534e-02
2110 2.650978e-02
2111 2.640056e-02
2112 2.629026e-02
2113 2.618676e-02
2114 2.612094e-02
2115 2.608884e-02
2116 2.607738e-02
2117 2.607845e-02
2118 2.608445e-02
2119 2.608526e-02
2120 2.611658e-02
2121 2.616234e-02
2122 2.623072e-02
2123 2.629431e-02
2124 2.638426e-02
2125 2.646360e-02
2126 2.657550e-02
2127 2.664453e-02
2128 2.665573e-02
2129 2.670264e-02
2130 2.679813e-02
2131 2.689726e-02
2132 2.702596e-02
2133 2.715007e-02
2134 2.721469e-02
2135 2.727660e-02
2136 2.729680e-02
2137 2.739074e-02
2138 2.745662e-02
2139 2.749540e-02
2140 2.758665e-02
2141 2.764984e-02
2142 2.770040e-02
2143 2.780542e-02
2144 2.789075e-02
2145 2.792361e-02
2146 2.794852e-02
2147 2.796224e-02
2148 2.797270e-02
2149 2.793099e-02
2150 2.787882e-02
2151 2.780109e-02
2152 2.769847e-02
2153 2.759760e-02
2154 2.749563e-02
2155 2.740082e-02
2156 2.733218e-02
2157 2.726324e-02
2158 2.714998e-02
2159 2.705902e-02
2160 2.700622e-02
2161 2.695846e-02
2162 2.695136e-02
2163 2.689697e-02
2164 2.684025e-02
2165 2.682673e-02
2166 2.675145e-02
2167 2.669503e-02
2168 2.661101e-02
2169 2.650676e-02
2170 2.641676e-02
2171 2.635203e-02
2172 2.630462e-02
2173 2.623694e-02
2174 2.618258e-02
2175 2.607814e-02
2176 2.595687e-02
2177 2.583572e-02
2178 2.569467e-02
2179 2.554912e-02
2180 2.535989e-02
2181 2.514807e-02
2182 2.498416e-02
2183 2.484324e-02
2184 2.468877e-02
2185 2.450771e-02
2186 2.432599e-02
2187 2.416138e-02
2188 2.398304e-02
2189 2.384406e-02
2190 2.372819e-02
2191 2.366779e-02
2192 2.364728e-02
2193 2.361624e-02
2194 2.357466e-02
2195 2.348462e-02
2196 2.343287e-02
2197 2.339561e-02
2198 2.336647e-02
2199 2.336251e-02
2200 2.331070e-02
2201 2.326224e-02
2202 2.321950e-02
2203 2.316872e-02
2204 2.310575e-02
2205 2.300546e-02
2206 2.288763e-02
2207 2.277037e-02
2208 2.266828e-02
2209 2.259382e-02
2210 2.250813e-02
2211 2.245966e-02
2212 2.242857e-02
2213 2.239557e-02
2214 2.236325e-02
2215 2.234613e-02
2216 2.237312e-02
2217 2.240921e-02
2218 2.248724e-02
2219 2.257696e-02
2220 2.268471e-02
2221 2.280879e-02
2222 2.290842e-02
2223 2.298092e-02
2224 2.311027e-02
2225 2.323599e-02
2226 2.335863e-02
2227 2.349260e-02
2228 2.363107e-02
2229 2.376539e-02
2230 2.388277e-02
2231 2.402446e-02
2232 2.416019e-02
2233 2.431364e-02
2234 2.445245e-02
2235 2.461712e-02
2236 2.479516e-02
2237 2.498200e-02
2238 2.511756e-02
2239 2.531413e-02
2240 2.553481e-02
2241 2.575410e-02
2242 2.597764e-02
2243 2.621951e-02
2244 2.645635e-02
2245 2.664387e-02
2246 2.681237e-02
2247 2.698596e-02
2248 2.710402e-02
2249 2.719397e-02
2250 2.721233e-02
2251 2.729392e-02
2252 2.735799e-02
2253 2.743570e-02
2254 2.753061e-02
2255 2.764309e-02
2256 2.778223e-02
2257 2.793976e-02
2258 2.808827e-02
2259 2.825625e-02
2260 2.848102e-02
2261 2.869734e-02
2262 2.889582e-02
2263 2.910275e-02
2264 2.931031e-02
2265 2.951531e-02
2266 2.970223e-02
2267 2.986039e-02
2268 2.998571e-02
2269 3.005437e-02
2270 3.009213e-02
2271 3.006939e-02
2272 3.000741e-02
2273 2.993536e-02
2274 2.982780e-02
2275 2.970361e-02
2276 2.952443e-02
2277 2.931314e-02
2278 2.909261e-02
2279 2.889686e-02
2280 2.866722e-02
2281 2.843115e-02
2282 2.822698e-02
2283 2.806721e-02
2284 2.792454e-02
2285 2.770278e-02
2286 2.748231e-02
2287 2.728610e-02
2288 2.713491e-02
2289 2.693800e-02
2290 2.675127e-02
2291 2.653260e-02
2292 2.630392e-02
2293 2.612909e-02
2294 2.597284e-02
2295 2.583222e-02
2296 2.569169e-02
2297 2.558056e-02
2298 2.547281e-02
2299 2.537887e-02
2300 2.527958e-02
2301 2.521906e-02
2302 2.518466e-02
2303 2.519475e-02
2304 2.517427e-02
2305 2.517621e-02
2306 2.518624e-02
2307 2.518371e-02
2308 2.521429e-02
2309 2.522463e-02
2310 2.524393e-02
2311 2.528882e-02
2312 2.535419e-02
2313 2.540226e-02
2314 2.545145e-02
2315 2.548632e-02
2316 2.551914e-02
2317 2.554813e-02
2318 2.554921e-02
2319 2.558370e-02
2320 2.555678e-02
2321 2.555986e-02
2322 2.553796e-02
2323 2.553651e-02
2324 2.551431e-02
2325 2.548284e-02
2326 2.549926e-02
2327 2.549364e-02
2328 2.545565e-02
2329 2.549625e-02
2330 2.556850e-02
2331 2.562147e-02
2332 2.568094e-02
2333 2.569552e-02
2334 2.575177e-02
2335 2.583863e-02
2336 2.591774e-02
2337 2.601629e-02
2338 2.618993e-02
2339 2.639049e-02
2340 2.656948e-02
2341 2.677486e-02
2342 2.699219e-02
2343 2.727499e-02
2344 2.753679e-02
2345 2.777891e-02
2346 2.800703e-02
2347 2.822017e-02
2348 2.833790e-02
2349 2.843673e-02
2350 2.847146e-02
2351 2.854159e-02
2352 2.856957e-02
2353 2.861023e-02
2354 2.865103e-02
2355 2.868402e-02
2356 2.870133e-02
2357 2.871943e-02
2358 2.875594e-02
2359 2.882998e-02
2360 2.890151e-02
2361 2.901074e-02
2362 2.911892e-02
2363 2.914475e-02
2364 2.911755e-02
2365 2.908859e-02
2366 2.906789e-02
2367 2.905652e-02
2368 2.904090e-02
2369 2.902802e-02
2370 2.899402e-02
2371 2.894469e-02
2372 2.886663e-02
2373 2.879813e-02
2374 2.873322e-02
2375 2.868030e-02
2376 2.860554e-02
2377 2.854276e-02
2378 2.852492e-02
2379 2.848434e-02
2380 2.836681e-02
2381 2.821416e-02
2382 2.807535e-02
2383 2.792960e-02
2384 2.775474e-02
2385 2.760085e-02
2386 2.742383e-02
2387 2.723536e-02
2388 2.704183e-02
2389 2.693034e-02
2390 2.682490e-02
2391 2.674993e-02
2392 2.663817e-02
2393 2.653804e-02
2394 2.643782e-02
2395 2.628797e-02
2396 2.614214e-02
2397 2.604070e-02
2398 2.592685e-02
2399 2.579767e-02
2400 2.568312e-02
2401 2.552342e-02
2402 2.531773e-02
2403 2.508010e-02
2404 2.481138e-02
2405 2.453792e-02
2406 2.431542e-02
2407 2.408228e-02
2408 2.390432e-02
2409 2.371467e-02
2410 2.355692e-02
2411 2.337634e-02
2412 2.324211e-02
2413 2.316486e-02
2414 2.311996e-02
2415 2.306957e-02
2416 2.303907e-02
2417 2.302754e-02
2418 2.300296e-02
2419 2.299819e-02
2420 2.305833e-02
2421 2.315175e-02
2422 2.326319e-02
2423 2.338145e-02
2424 2.347853e-02
2425 2.359459e-02
2426 2.369648e-02
2427 2.378792e-02
2428 2.391399e-02
2429 2.396920e-02
2430 2.406110e-02
2431 2.409890e-02
2432 2.414979e-02
2433 2.416280e-02
2434 2.416787e-02
2435 2.413115e-02
2436 2.409699e-02
2437 2.401620e-02
2438 2.395278e-02
2439 2.386744e-02
2440 2.373015e-02
2441 2.357628e-02
2442 2.346496e-02
2443 2.334413e-02
2444 2.320416e-02
2445 2.304750e-02
2446 2.293881e-02
2447 2.288823e-02
2448 2.288484e-02
2449 2.287066e-02
2450 2.282513e-02
2451 2.275946e-02
2452 2.272807e-02
2453 2.265936e-02
2454 2.262120e-02
2455 2.253009e-02
2456 2.244291e-02
2457 2.238061e-02
2458 2.229016e-02
2459 2.216445e-02
2460 2.201765e-02
2461 2.191950e-02
2462 2.182044e-02
2463 2.177839e-02
2464 2.170643e-02
2465 2.161746e-02
2466 2.154198e-02
2467 2.150360e-02
2468 2.149043e-02
2469 2.148645e-02
2470 2.151513e-02
2471 2.157845e-02
2472 2.164924e-02
2473 2.173950e-02
2474 2.185704e-02
2475 2.196284e-02
2476 2.208782e-02
2477 2.220049e-02
2478 2.228251e-02
2479 2.235264e-02
2480 2.243897e-02
2481 2.252632e-02
2482 2.263659e-02
2483 2.272002e-02
2484 2.278565e-02
2485 2.282889e-02
2486 2.280752e-02
2487 2.277040e-02
2488 2.274730e-02
2489 2.272560e-02
2490 2.275466e-02
2491 2.279972e-02
2492 2.287032e-02
2493 2.291208e-02
2494 2.294534e-02
2495 2.292860e-02
2496 2.288165e-02
2497 2.284951e-02
2498 2.281378e-02
2499 2.276759e-02
2500 2.272335e-02
